version: 1
creator: xdebug 3.3.1 (PHP 8.3.4)
cmd: /app/flat-array.php
part: 1
positions: line

events: Time_(10ns) Memory_(bytes)

fl=(2) /app/FlatArray.php
fn=(1) require::/app/FlatArray.php
1 630 0

fl=(1) php:internal
fn=(2) php::array_merge
16 100 0

fl=(1)
fn=(2)
16 40 216

fl=(1)
fn=(2)
16 40 216

fl=(1)
fn=(2)
16 10 216

fl=(1)
fn=(2)
16 20 376

fl=(1)
fn=(2)
16 20 376

fl=(1)
fn=(2)
16 20 376

fl=(1)
fn=(2)
16 20 376

fl=(1)
fn=(2)
16 20 696

fl=(1)
fn=(2)
16 10 696

fl=(1)
fn=(2)
16 20 696

fl=(1)
fn=(2)
16 20 696

fl=(1)
fn=(2)
16 20 696

fl=(1)
fn=(2)
16 20 696

fl=(1)
fn=(2)
16 20 696

fl=(1)
fn=(2)
16 20 696

fl=(1)
fn=(2)
16 100 1336

fl=(1)
fn=(2)
16 10 1336

fl=(1)
fn=(2)
16 20 1336

fl=(1)
fn=(2)
16 20 1336

fl=(1)
fn=(2)
16 20 1336

fl=(1)
fn=(2)
16 20 1336

fl=(1)
fn=(2)
16 20 1336

fl=(1)
fn=(2)
16 20 1336

fl=(1)
fn=(2)
16 20 1336

fl=(1)
fn=(2)
16 20 1336

fl=(1)
fn=(2)
16 20 1336

fl=(1)
fn=(2)
16 20 1336

fl=(1)
fn=(2)
16 20 1336

fl=(1)
fn=(2)
16 20 1336

fl=(1)
fn=(2)
16 20 1336

fl=(1)
fn=(2)
16 20 1336

fl=(1)
fn=(2)
16 30 2616

fl=(1)
fn=(2)
16 30 2616

fl=(1)
fn=(2)
16 30 2616

fl=(1)
fn=(2)
16 20 2616

fl=(1)
fn=(2)
16 30 2616

fl=(1)
fn=(2)
16 20 2616

fl=(1)
fn=(2)
16 20 2616

fl=(1)
fn=(2)
16 30 2616

fl=(1)
fn=(2)
16 30 2616

fl=(1)
fn=(2)
16 30 2616

fl=(1)
fn=(2)
16 30 2616

fl=(1)
fn=(2)
16 20 2616

fl=(1)
fn=(2)
16 20 2616

fl=(1)
fn=(2)
16 20 2616

fl=(1)
fn=(2)
16 20 2616

fl=(1)
fn=(2)
16 30 2616

fl=(1)
fn=(2)
16 30 2616

fl=(1)
fn=(2)
16 30 2616

fl=(1)
fn=(2)
16 30 2616

fl=(1)
fn=(2)
16 20 2616

fl=(1)
fn=(2)
16 20 2616

fl=(1)
fn=(2)
16 20 2616

fl=(1)
fn=(2)
16 30 2616

fl=(1)
fn=(2)
16 30 2616

fl=(1)
fn=(2)
16 20 2616

fl=(1)
fn=(2)
16 30 2616

fl=(1)
fn=(2)
16 30 2616

fl=(1)
fn=(2)
16 30 2616

fl=(1)
fn=(2)
16 30 2616

fl=(1)
fn=(2)
16 30 2616

fl=(1)
fn=(2)
16 40 2616

fl=(1)
fn=(2)
16 30 2616

fl=(1)
fn=(2)
16 40 8248

fl=(1)
fn=(2)
16 40 8248

fl=(1)
fn=(2)
16 30 8248

fl=(1)
fn=(2)
16 30 8248

fl=(1)
fn=(2)
16 40 8248

fl=(1)
fn=(2)
16 30 8248

fl=(1)
fn=(2)
16 40 8248

fl=(1)
fn=(2)
16 40 8248

fl=(1)
fn=(2)
16 30 8248

fl=(1)
fn=(2)
16 40 8248

fl=(1)
fn=(2)
16 30 8248

fl=(1)
fn=(2)
16 40 8248

fl=(1)
fn=(2)
16 40 8248

fl=(1)
fn=(2)
16 30 8248

fl=(1)
fn=(2)
16 30 8248

fl=(1)
fn=(2)
16 40 8248

fl=(1)
fn=(2)
16 30 8248

fl=(1)
fn=(2)
16 40 8248

fl=(1)
fn=(2)
16 30 8248

fl=(1)
fn=(2)
16 40 8248

fl=(1)
fn=(2)
16 30 8248

fl=(1)
fn=(2)
16 40 8248

fl=(1)
fn=(2)
16 30 8248

fl=(1)
fn=(2)
16 40 8248

fl=(1)
fn=(2)
16 40 8248

fl=(1)
fn=(2)
16 40 8248

fl=(1)
fn=(2)
16 40 8248

fl=(1)
fn=(2)
16 40 8248

fl=(1)
fn=(2)
16 30 8248

fl=(1)
fn=(2)
16 30 8248

fl=(1)
fn=(2)
16 40 8248

fl=(1)
fn=(2)
16 40 8248

fl=(1)
fn=(2)
16 40 8248

fl=(1)
fn=(2)
16 40 8248

fl=(1)
fn=(2)
16 30 8248

fl=(1)
fn=(2)
16 30 8248

fl=(1)
fn=(2)
16 40 8248

fl=(1)
fn=(2)
16 30 8248

fl=(1)
fn=(2)
16 40 8248

fl=(1)
fn=(2)
16 40 8248

fl=(1)
fn=(2)
16 40 8248

fl=(1)
fn=(2)
16 40 8248

fl=(1)
fn=(2)
16 40 8248

fl=(1)
fn=(2)
16 40 8248

fl=(1)
fn=(2)
16 40 8248

fl=(1)
fn=(2)
16 40 8248

fl=(1)
fn=(2)
16 40 8248

fl=(1)
fn=(2)
16 40 8248

fl=(1)
fn=(2)
16 40 8248

fl=(1)
fn=(2)
16 40 8248

fl=(1)
fn=(2)
16 40 8248

fl=(1)
fn=(2)
16 50 8248

fl=(1)
fn=(2)
16 40 8248

fl=(1)
fn=(2)
16 40 8248

fl=(1)
fn=(2)
16 40 8248

fl=(1)
fn=(2)
16 40 8248

fl=(1)
fn=(2)
16 40 8248

fl=(1)
fn=(2)
16 50 8248

fl=(1)
fn=(2)
16 50 8248

fl=(1)
fn=(2)
16 40 8248

fl=(1)
fn=(2)
16 40 8248

fl=(1)
fn=(2)
16 40 8248

fl=(1)
fn=(2)
16 50 8248

fl=(1)
fn=(2)
16 40 8248

fl=(1)
fn=(2)
16 40 12344

fl=(1)
fn=(2)
16 50 12344

fl=(1)
fn=(2)
16 50 12344

fl=(1)
fn=(2)
16 50 12344

fl=(1)
fn=(2)
16 40 12344

fl=(1)
fn=(2)
16 50 12344

fl=(1)
fn=(2)
16 50 12344

fl=(1)
fn=(2)
16 50 12344

fl=(1)
fn=(2)
16 40 12344

fl=(1)
fn=(2)
16 50 12344

fl=(1)
fn=(2)
16 50 12344

fl=(1)
fn=(2)
16 50 12344

fl=(1)
fn=(2)
16 50 12344

fl=(1)
fn=(2)
16 50 12344

fl=(1)
fn=(2)
16 50 12344

fl=(1)
fn=(2)
16 50 12344

fl=(1)
fn=(2)
16 50 12344

fl=(1)
fn=(2)
16 50 12344

fl=(1)
fn=(2)
16 60 12344

fl=(1)
fn=(2)
16 70 12344

fl=(1)
fn=(2)
16 60 12344

fl=(1)
fn=(2)
16 50 12344

fl=(1)
fn=(2)
16 50 12344

fl=(1)
fn=(2)
16 60 12344

fl=(1)
fn=(2)
16 60 12344

fl=(1)
fn=(2)
16 50 12344

fl=(1)
fn=(2)
16 70 12344

fl=(1)
fn=(2)
16 50 12344

fl=(1)
fn=(2)
16 60 12344

fl=(1)
fn=(2)
16 60 12344

fl=(1)
fn=(2)
16 50 12344

fl=(1)
fn=(2)
16 60 12344

fl=(1)
fn=(2)
16 50 12344

fl=(1)
fn=(2)
16 60 12344

fl=(1)
fn=(2)
16 50 12344

fl=(1)
fn=(2)
16 50 12344

fl=(1)
fn=(2)
16 60 12344

fl=(1)
fn=(2)
16 50 12344

fl=(1)
fn=(2)
16 60 12344

fl=(1)
fn=(2)
16 60 12344

fl=(1)
fn=(2)
16 60 12344

fl=(1)
fn=(2)
16 60 12344

fl=(1)
fn=(2)
16 60 12344

fl=(1)
fn=(2)
16 60 12344

fl=(1)
fn=(2)
16 60 12344

fl=(1)
fn=(2)
16 50 12344

fl=(1)
fn=(2)
16 50 12344

fl=(1)
fn=(2)
16 50 12344

fl=(1)
fn=(2)
16 60 12344

fl=(1)
fn=(2)
16 60 12344

fl=(1)
fn=(2)
16 60 12344

fl=(1)
fn=(2)
16 60 12344

fl=(1)
fn=(2)
16 50 12344

fl=(1)
fn=(2)
16 50 12344

fl=(1)
fn=(2)
16 60 12344

fl=(1)
fn=(2)
16 60 12344

fl=(1)
fn=(2)
16 60 12344

fl=(1)
fn=(2)
16 60 12344

fl=(1)
fn=(2)
16 60 12344

fl=(1)
fn=(2)
16 60 12344

fl=(1)
fn=(2)
16 60 12344

fl=(1)
fn=(2)
16 70 12344

fl=(1)
fn=(2)
16 60 12344

fl=(1)
fn=(2)
16 60 12344

fl=(1)
fn=(2)
16 60 12344

fl=(1)
fn=(2)
16 60 12344

fl=(1)
fn=(2)
16 60 12344

fl=(1)
fn=(2)
16 70 12344

fl=(1)
fn=(2)
16 70 12344

fl=(1)
fn=(2)
16 70 12344

fl=(1)
fn=(2)
16 60 12344

fl=(1)
fn=(2)
16 60 12344

fl=(1)
fn=(2)
16 70 12344

fl=(1)
fn=(2)
16 70 12344

fl=(1)
fn=(2)
16 60 12344

fl=(1)
fn=(2)
16 60 12344

fl=(1)
fn=(2)
16 60 12344

fl=(1)
fn=(2)
16 70 12344

fl=(1)
fn=(2)
16 70 12344

fl=(1)
fn=(2)
16 70 12344

fl=(1)
fn=(2)
16 70 12344

fl=(1)
fn=(2)
16 70 12344

fl=(1)
fn=(2)
16 60 12344

fl=(1)
fn=(2)
16 70 12344

fl=(1)
fn=(2)
16 70 12344

fl=(1)
fn=(2)
16 70 12344

fl=(1)
fn=(2)
16 60 12344

fl=(1)
fn=(2)
16 70 12344

fl=(1)
fn=(2)
16 70 12344

fl=(1)
fn=(2)
16 60 12344

fl=(1)
fn=(2)
16 70 12344

fl=(1)
fn=(2)
16 60 12344

fl=(1)
fn=(2)
16 70 12344

fl=(1)
fn=(2)
16 70 12344

fl=(1)
fn=(2)
16 70 12344

fl=(1)
fn=(2)
16 70 12344

fl=(1)
fn=(2)
16 70 12344

fl=(1)
fn=(2)
16 70 12344

fl=(1)
fn=(2)
16 70 12344

fl=(1)
fn=(2)
16 70 12344

fl=(1)
fn=(2)
16 70 12344

fl=(1)
fn=(2)
16 70 12344

fl=(1)
fn=(2)
16 70 12344

fl=(1)
fn=(2)
16 70 12344

fl=(1)
fn=(2)
16 70 12344

fl=(1)
fn=(2)
16 70 12344

fl=(1)
fn=(2)
16 70 12344

fl=(1)
fn=(2)
16 70 12344

fl=(1)
fn=(2)
16 70 12344

fl=(1)
fn=(2)
16 70 12344

fl=(1)
fn=(2)
16 70 12344

fl=(1)
fn=(2)
16 80 12344

fl=(1)
fn=(2)
16 80 12344

fl=(1)
fn=(2)
16 70 12344

fl=(1)
fn=(2)
16 70 12344

fl=(1)
fn=(2)
16 70 12344

fl=(1)
fn=(2)
16 70 12344

fl=(1)
fn=(2)
16 480 12344

fl=(1)
fn=(2)
16 90 12344

fl=(1)
fn=(2)
16 90 12344

fl=(1)
fn=(2)
16 80 12344

fl=(1)
fn=(2)
16 70 12344

fl=(1)
fn=(2)
16 80 12344

fl=(1)
fn=(2)
16 70 12344

fl=(1)
fn=(2)
16 70 12344

fl=(1)
fn=(2)
16 70 12344

fl=(1)
fn=(2)
16 80 12344

fl=(1)
fn=(2)
16 80 12344

fl=(1)
fn=(2)
16 120 20536

fl=(1)
fn=(2)
16 140 20536

fl=(1)
fn=(2)
16 100 20536

fl=(1)
fn=(2)
16 80 20536

fl=(1)
fn=(2)
16 100 20536

fl=(1)
fn=(2)
16 70 20536

fl=(1)
fn=(2)
16 80 20536

fl=(1)
fn=(2)
16 80 20536

fl=(1)
fn=(2)
16 80 20536

fl=(1)
fn=(2)
16 80 20536

fl=(1)
fn=(2)
16 90 20536

fl=(1)
fn=(2)
16 70 20536

fl=(1)
fn=(2)
16 80 20536

fl=(1)
fn=(2)
16 70 20536

fl=(1)
fn=(2)
16 80 20536

fl=(1)
fn=(2)
16 90 20536

fl=(1)
fn=(2)
16 80 20536

fl=(1)
fn=(2)
16 80 20536

fl=(1)
fn=(2)
16 80 20536

fl=(1)
fn=(2)
16 80 20536

fl=(1)
fn=(2)
16 80 20536

fl=(1)
fn=(2)
16 80 20536

fl=(1)
fn=(2)
16 80 20536

fl=(1)
fn=(2)
16 120 20536

fl=(1)
fn=(2)
16 80 20536

fl=(1)
fn=(2)
16 80 20536

fl=(1)
fn=(2)
16 80 20536

fl=(1)
fn=(2)
16 90 20536

fl=(1)
fn=(2)
16 80 20536

fl=(1)
fn=(2)
16 80 20536

fl=(1)
fn=(2)
16 80 20536

fl=(1)
fn=(2)
16 110 20536

fl=(1)
fn=(2)
16 90 20536

fl=(1)
fn=(2)
16 80 20536

fl=(1)
fn=(2)
16 90 20536

fl=(1)
fn=(2)
16 80 20536

fl=(1)
fn=(2)
16 90 20536

fl=(1)
fn=(2)
16 80 20536

fl=(1)
fn=(2)
16 80 20536

fl=(1)
fn=(2)
16 80 20536

fl=(1)
fn=(2)
16 130 20536

fl=(1)
fn=(2)
16 130 20536

fl=(1)
fn=(2)
16 80 20536

fl=(1)
fn=(2)
16 80 20536

fl=(1)
fn=(2)
16 90 20536

fl=(1)
fn=(2)
16 90 20536

fl=(1)
fn=(2)
16 80 20536

fl=(1)
fn=(2)
16 90 20536

fl=(1)
fn=(2)
16 90 20536

fl=(1)
fn=(2)
16 700 20536

fl=(1)
fn=(2)
16 130 20536

fl=(1)
fn=(2)
16 90 20536

fl=(1)
fn=(2)
16 100 20536

fl=(1)
fn=(2)
16 90 20536

fl=(1)
fn=(2)
16 90 20536

fl=(1)
fn=(2)
16 90 20536

fl=(1)
fn=(2)
16 90 20536

fl=(1)
fn=(2)
16 90 20536

fl=(1)
fn=(2)
16 210 20536

fl=(1)
fn=(2)
16 90 20536

fl=(1)
fn=(2)
16 90 20536

fl=(1)
fn=(2)
16 150 20536

fl=(1)
fn=(2)
16 90 20536

fl=(1)
fn=(2)
16 460 20536

fl=(2)
fn=(3) FlatArray->flattenArray
13 60850 0
cfl=(1)
cfn=(2)
calls=1 0 0
16 100 0
cfl=(1)
cfn=(2)
calls=1 0 0
16 40 216
cfl=(1)
cfn=(2)
calls=1 0 0
16 40 216
cfl=(1)
cfn=(2)
calls=1 0 0
16 10 216
cfl=(1)
cfn=(2)
calls=1 0 0
16 20 376
cfl=(1)
cfn=(2)
calls=1 0 0
16 20 376
cfl=(1)
cfn=(2)
calls=1 0 0
16 20 376
cfl=(1)
cfn=(2)
calls=1 0 0
16 20 376
cfl=(1)
cfn=(2)
calls=1 0 0
16 20 696
cfl=(1)
cfn=(2)
calls=1 0 0
16 10 696
cfl=(1)
cfn=(2)
calls=1 0 0
16 20 696
cfl=(1)
cfn=(2)
calls=1 0 0
16 20 696
cfl=(1)
cfn=(2)
calls=1 0 0
16 20 696
cfl=(1)
cfn=(2)
calls=1 0 0
16 20 696
cfl=(1)
cfn=(2)
calls=1 0 0
16 20 696
cfl=(1)
cfn=(2)
calls=1 0 0
16 20 696
cfl=(1)
cfn=(2)
calls=1 0 0
16 100 1336
cfl=(1)
cfn=(2)
calls=1 0 0
16 10 1336
cfl=(1)
cfn=(2)
calls=1 0 0
16 20 1336
cfl=(1)
cfn=(2)
calls=1 0 0
16 20 1336
cfl=(1)
cfn=(2)
calls=1 0 0
16 20 1336
cfl=(1)
cfn=(2)
calls=1 0 0
16 20 1336
cfl=(1)
cfn=(2)
calls=1 0 0
16 20 1336
cfl=(1)
cfn=(2)
calls=1 0 0
16 20 1336
cfl=(1)
cfn=(2)
calls=1 0 0
16 20 1336
cfl=(1)
cfn=(2)
calls=1 0 0
16 20 1336
cfl=(1)
cfn=(2)
calls=1 0 0
16 20 1336
cfl=(1)
cfn=(2)
calls=1 0 0
16 20 1336
cfl=(1)
cfn=(2)
calls=1 0 0
16 20 1336
cfl=(1)
cfn=(2)
calls=1 0 0
16 20 1336
cfl=(1)
cfn=(2)
calls=1 0 0
16 20 1336
cfl=(1)
cfn=(2)
calls=1 0 0
16 20 1336
cfl=(1)
cfn=(2)
calls=1 0 0
16 30 2616
cfl=(1)
cfn=(2)
calls=1 0 0
16 30 2616
cfl=(1)
cfn=(2)
calls=1 0 0
16 30 2616
cfl=(1)
cfn=(2)
calls=1 0 0
16 20 2616
cfl=(1)
cfn=(2)
calls=1 0 0
16 30 2616
cfl=(1)
cfn=(2)
calls=1 0 0
16 20 2616
cfl=(1)
cfn=(2)
calls=1 0 0
16 20 2616
cfl=(1)
cfn=(2)
calls=1 0 0
16 30 2616
cfl=(1)
cfn=(2)
calls=1 0 0
16 30 2616
cfl=(1)
cfn=(2)
calls=1 0 0
16 30 2616
cfl=(1)
cfn=(2)
calls=1 0 0
16 30 2616
cfl=(1)
cfn=(2)
calls=1 0 0
16 20 2616
cfl=(1)
cfn=(2)
calls=1 0 0
16 20 2616
cfl=(1)
cfn=(2)
calls=1 0 0
16 20 2616
cfl=(1)
cfn=(2)
calls=1 0 0
16 20 2616
cfl=(1)
cfn=(2)
calls=1 0 0
16 30 2616
cfl=(1)
cfn=(2)
calls=1 0 0
16 30 2616
cfl=(1)
cfn=(2)
calls=1 0 0
16 30 2616
cfl=(1)
cfn=(2)
calls=1 0 0
16 30 2616
cfl=(1)
cfn=(2)
calls=1 0 0
16 20 2616
cfl=(1)
cfn=(2)
calls=1 0 0
16 20 2616
cfl=(1)
cfn=(2)
calls=1 0 0
16 20 2616
cfl=(1)
cfn=(2)
calls=1 0 0
16 30 2616
cfl=(1)
cfn=(2)
calls=1 0 0
16 30 2616
cfl=(1)
cfn=(2)
calls=1 0 0
16 20 2616
cfl=(1)
cfn=(2)
calls=1 0 0
16 30 2616
cfl=(1)
cfn=(2)
calls=1 0 0
16 30 2616
cfl=(1)
cfn=(2)
calls=1 0 0
16 30 2616
cfl=(1)
cfn=(2)
calls=1 0 0
16 30 2616
cfl=(1)
cfn=(2)
calls=1 0 0
16 30 2616
cfl=(1)
cfn=(2)
calls=1 0 0
16 40 2616
cfl=(1)
cfn=(2)
calls=1 0 0
16 30 2616
cfl=(1)
cfn=(2)
calls=1 0 0
16 40 8248
cfl=(1)
cfn=(2)
calls=1 0 0
16 40 8248
cfl=(1)
cfn=(2)
calls=1 0 0
16 30 8248
cfl=(1)
cfn=(2)
calls=1 0 0
16 30 8248
cfl=(1)
cfn=(2)
calls=1 0 0
16 40 8248
cfl=(1)
cfn=(2)
calls=1 0 0
16 30 8248
cfl=(1)
cfn=(2)
calls=1 0 0
16 40 8248
cfl=(1)
cfn=(2)
calls=1 0 0
16 40 8248
cfl=(1)
cfn=(2)
calls=1 0 0
16 30 8248
cfl=(1)
cfn=(2)
calls=1 0 0
16 40 8248
cfl=(1)
cfn=(2)
calls=1 0 0
16 30 8248
cfl=(1)
cfn=(2)
calls=1 0 0
16 40 8248
cfl=(1)
cfn=(2)
calls=1 0 0
16 40 8248
cfl=(1)
cfn=(2)
calls=1 0 0
16 30 8248
cfl=(1)
cfn=(2)
calls=1 0 0
16 30 8248
cfl=(1)
cfn=(2)
calls=1 0 0
16 40 8248
cfl=(1)
cfn=(2)
calls=1 0 0
16 30 8248
cfl=(1)
cfn=(2)
calls=1 0 0
16 40 8248
cfl=(1)
cfn=(2)
calls=1 0 0
16 30 8248
cfl=(1)
cfn=(2)
calls=1 0 0
16 40 8248
cfl=(1)
cfn=(2)
calls=1 0 0
16 30 8248
cfl=(1)
cfn=(2)
calls=1 0 0
16 40 8248
cfl=(1)
cfn=(2)
calls=1 0 0
16 30 8248
cfl=(1)
cfn=(2)
calls=1 0 0
16 40 8248
cfl=(1)
cfn=(2)
calls=1 0 0
16 40 8248
cfl=(1)
cfn=(2)
calls=1 0 0
16 40 8248
cfl=(1)
cfn=(2)
calls=1 0 0
16 40 8248
cfl=(1)
cfn=(2)
calls=1 0 0
16 40 8248
cfl=(1)
cfn=(2)
calls=1 0 0
16 30 8248
cfl=(1)
cfn=(2)
calls=1 0 0
16 30 8248
cfl=(1)
cfn=(2)
calls=1 0 0
16 40 8248
cfl=(1)
cfn=(2)
calls=1 0 0
16 40 8248
cfl=(1)
cfn=(2)
calls=1 0 0
16 40 8248
cfl=(1)
cfn=(2)
calls=1 0 0
16 40 8248
cfl=(1)
cfn=(2)
calls=1 0 0
16 30 8248
cfl=(1)
cfn=(2)
calls=1 0 0
16 30 8248
cfl=(1)
cfn=(2)
calls=1 0 0
16 40 8248
cfl=(1)
cfn=(2)
calls=1 0 0
16 30 8248
cfl=(1)
cfn=(2)
calls=1 0 0
16 40 8248
cfl=(1)
cfn=(2)
calls=1 0 0
16 40 8248
cfl=(1)
cfn=(2)
calls=1 0 0
16 40 8248
cfl=(1)
cfn=(2)
calls=1 0 0
16 40 8248
cfl=(1)
cfn=(2)
calls=1 0 0
16 40 8248
cfl=(1)
cfn=(2)
calls=1 0 0
16 40 8248
cfl=(1)
cfn=(2)
calls=1 0 0
16 40 8248
cfl=(1)
cfn=(2)
calls=1 0 0
16 40 8248
cfl=(1)
cfn=(2)
calls=1 0 0
16 40 8248
cfl=(1)
cfn=(2)
calls=1 0 0
16 40 8248
cfl=(1)
cfn=(2)
calls=1 0 0
16 40 8248
cfl=(1)
cfn=(2)
calls=1 0 0
16 40 8248
cfl=(1)
cfn=(2)
calls=1 0 0
16 40 8248
cfl=(1)
cfn=(2)
calls=1 0 0
16 50 8248
cfl=(1)
cfn=(2)
calls=1 0 0
16 40 8248
cfl=(1)
cfn=(2)
calls=1 0 0
16 40 8248
cfl=(1)
cfn=(2)
calls=1 0 0
16 40 8248
cfl=(1)
cfn=(2)
calls=1 0 0
16 40 8248
cfl=(1)
cfn=(2)
calls=1 0 0
16 40 8248
cfl=(1)
cfn=(2)
calls=1 0 0
16 50 8248
cfl=(1)
cfn=(2)
calls=1 0 0
16 50 8248
cfl=(1)
cfn=(2)
calls=1 0 0
16 40 8248
cfl=(1)
cfn=(2)
calls=1 0 0
16 40 8248
cfl=(1)
cfn=(2)
calls=1 0 0
16 40 8248
cfl=(1)
cfn=(2)
calls=1 0 0
16 50 8248
cfl=(1)
cfn=(2)
calls=1 0 0
16 40 8248
cfl=(1)
cfn=(2)
calls=1 0 0
16 40 12344
cfl=(1)
cfn=(2)
calls=1 0 0
16 50 12344
cfl=(1)
cfn=(2)
calls=1 0 0
16 50 12344
cfl=(1)
cfn=(2)
calls=1 0 0
16 50 12344
cfl=(1)
cfn=(2)
calls=1 0 0
16 40 12344
cfl=(1)
cfn=(2)
calls=1 0 0
16 50 12344
cfl=(1)
cfn=(2)
calls=1 0 0
16 50 12344
cfl=(1)
cfn=(2)
calls=1 0 0
16 50 12344
cfl=(1)
cfn=(2)
calls=1 0 0
16 40 12344
cfl=(1)
cfn=(2)
calls=1 0 0
16 50 12344
cfl=(1)
cfn=(2)
calls=1 0 0
16 50 12344
cfl=(1)
cfn=(2)
calls=1 0 0
16 50 12344
cfl=(1)
cfn=(2)
calls=1 0 0
16 50 12344
cfl=(1)
cfn=(2)
calls=1 0 0
16 50 12344
cfl=(1)
cfn=(2)
calls=1 0 0
16 50 12344
cfl=(1)
cfn=(2)
calls=1 0 0
16 50 12344
cfl=(1)
cfn=(2)
calls=1 0 0
16 50 12344
cfl=(1)
cfn=(2)
calls=1 0 0
16 50 12344
cfl=(1)
cfn=(2)
calls=1 0 0
16 60 12344
cfl=(1)
cfn=(2)
calls=1 0 0
16 70 12344
cfl=(1)
cfn=(2)
calls=1 0 0
16 60 12344
cfl=(1)
cfn=(2)
calls=1 0 0
16 50 12344
cfl=(1)
cfn=(2)
calls=1 0 0
16 50 12344
cfl=(1)
cfn=(2)
calls=1 0 0
16 60 12344
cfl=(1)
cfn=(2)
calls=1 0 0
16 60 12344
cfl=(1)
cfn=(2)
calls=1 0 0
16 50 12344
cfl=(1)
cfn=(2)
calls=1 0 0
16 70 12344
cfl=(1)
cfn=(2)
calls=1 0 0
16 50 12344
cfl=(1)
cfn=(2)
calls=1 0 0
16 60 12344
cfl=(1)
cfn=(2)
calls=1 0 0
16 60 12344
cfl=(1)
cfn=(2)
calls=1 0 0
16 50 12344
cfl=(1)
cfn=(2)
calls=1 0 0
16 60 12344
cfl=(1)
cfn=(2)
calls=1 0 0
16 50 12344
cfl=(1)
cfn=(2)
calls=1 0 0
16 60 12344
cfl=(1)
cfn=(2)
calls=1 0 0
16 50 12344
cfl=(1)
cfn=(2)
calls=1 0 0
16 50 12344
cfl=(1)
cfn=(2)
calls=1 0 0
16 60 12344
cfl=(1)
cfn=(2)
calls=1 0 0
16 50 12344
cfl=(1)
cfn=(2)
calls=1 0 0
16 60 12344
cfl=(1)
cfn=(2)
calls=1 0 0
16 60 12344
cfl=(1)
cfn=(2)
calls=1 0 0
16 60 12344
cfl=(1)
cfn=(2)
calls=1 0 0
16 60 12344
cfl=(1)
cfn=(2)
calls=1 0 0
16 60 12344
cfl=(1)
cfn=(2)
calls=1 0 0
16 60 12344
cfl=(1)
cfn=(2)
calls=1 0 0
16 60 12344
cfl=(1)
cfn=(2)
calls=1 0 0
16 50 12344
cfl=(1)
cfn=(2)
calls=1 0 0
16 50 12344
cfl=(1)
cfn=(2)
calls=1 0 0
16 50 12344
cfl=(1)
cfn=(2)
calls=1 0 0
16 60 12344
cfl=(1)
cfn=(2)
calls=1 0 0
16 60 12344
cfl=(1)
cfn=(2)
calls=1 0 0
16 60 12344
cfl=(1)
cfn=(2)
calls=1 0 0
16 60 12344
cfl=(1)
cfn=(2)
calls=1 0 0
16 50 12344
cfl=(1)
cfn=(2)
calls=1 0 0
16 50 12344
cfl=(1)
cfn=(2)
calls=1 0 0
16 60 12344
cfl=(1)
cfn=(2)
calls=1 0 0
16 60 12344
cfl=(1)
cfn=(2)
calls=1 0 0
16 60 12344
cfl=(1)
cfn=(2)
calls=1 0 0
16 60 12344
cfl=(1)
cfn=(2)
calls=1 0 0
16 60 12344
cfl=(1)
cfn=(2)
calls=1 0 0
16 60 12344
cfl=(1)
cfn=(2)
calls=1 0 0
16 60 12344
cfl=(1)
cfn=(2)
calls=1 0 0
16 70 12344
cfl=(1)
cfn=(2)
calls=1 0 0
16 60 12344
cfl=(1)
cfn=(2)
calls=1 0 0
16 60 12344
cfl=(1)
cfn=(2)
calls=1 0 0
16 60 12344
cfl=(1)
cfn=(2)
calls=1 0 0
16 60 12344
cfl=(1)
cfn=(2)
calls=1 0 0
16 60 12344
cfl=(1)
cfn=(2)
calls=1 0 0
16 70 12344
cfl=(1)
cfn=(2)
calls=1 0 0
16 70 12344
cfl=(1)
cfn=(2)
calls=1 0 0
16 70 12344
cfl=(1)
cfn=(2)
calls=1 0 0
16 60 12344
cfl=(1)
cfn=(2)
calls=1 0 0
16 60 12344
cfl=(1)
cfn=(2)
calls=1 0 0
16 70 12344
cfl=(1)
cfn=(2)
calls=1 0 0
16 70 12344
cfl=(1)
cfn=(2)
calls=1 0 0
16 60 12344
cfl=(1)
cfn=(2)
calls=1 0 0
16 60 12344
cfl=(1)
cfn=(2)
calls=1 0 0
16 60 12344
cfl=(1)
cfn=(2)
calls=1 0 0
16 70 12344
cfl=(1)
cfn=(2)
calls=1 0 0
16 70 12344
cfl=(1)
cfn=(2)
calls=1 0 0
16 70 12344
cfl=(1)
cfn=(2)
calls=1 0 0
16 70 12344
cfl=(1)
cfn=(2)
calls=1 0 0
16 70 12344
cfl=(1)
cfn=(2)
calls=1 0 0
16 60 12344
cfl=(1)
cfn=(2)
calls=1 0 0
16 70 12344
cfl=(1)
cfn=(2)
calls=1 0 0
16 70 12344
cfl=(1)
cfn=(2)
calls=1 0 0
16 70 12344
cfl=(1)
cfn=(2)
calls=1 0 0
16 60 12344
cfl=(1)
cfn=(2)
calls=1 0 0
16 70 12344
cfl=(1)
cfn=(2)
calls=1 0 0
16 70 12344
cfl=(1)
cfn=(2)
calls=1 0 0
16 60 12344
cfl=(1)
cfn=(2)
calls=1 0 0
16 70 12344
cfl=(1)
cfn=(2)
calls=1 0 0
16 60 12344
cfl=(1)
cfn=(2)
calls=1 0 0
16 70 12344
cfl=(1)
cfn=(2)
calls=1 0 0
16 70 12344
cfl=(1)
cfn=(2)
calls=1 0 0
16 70 12344
cfl=(1)
cfn=(2)
calls=1 0 0
16 70 12344
cfl=(1)
cfn=(2)
calls=1 0 0
16 70 12344
cfl=(1)
cfn=(2)
calls=1 0 0
16 70 12344
cfl=(1)
cfn=(2)
calls=1 0 0
16 70 12344
cfl=(1)
cfn=(2)
calls=1 0 0
16 70 12344
cfl=(1)
cfn=(2)
calls=1 0 0
16 70 12344
cfl=(1)
cfn=(2)
calls=1 0 0
16 70 12344
cfl=(1)
cfn=(2)
calls=1 0 0
16 70 12344
cfl=(1)
cfn=(2)
calls=1 0 0
16 70 12344
cfl=(1)
cfn=(2)
calls=1 0 0
16 70 12344
cfl=(1)
cfn=(2)
calls=1 0 0
16 70 12344
cfl=(1)
cfn=(2)
calls=1 0 0
16 70 12344
cfl=(1)
cfn=(2)
calls=1 0 0
16 70 12344
cfl=(1)
cfn=(2)
calls=1 0 0
16 70 12344
cfl=(1)
cfn=(2)
calls=1 0 0
16 70 12344
cfl=(1)
cfn=(2)
calls=1 0 0
16 70 12344
cfl=(1)
cfn=(2)
calls=1 0 0
16 80 12344
cfl=(1)
cfn=(2)
calls=1 0 0
16 80 12344
cfl=(1)
cfn=(2)
calls=1 0 0
16 70 12344
cfl=(1)
cfn=(2)
calls=1 0 0
16 70 12344
cfl=(1)
cfn=(2)
calls=1 0 0
16 70 12344
cfl=(1)
cfn=(2)
calls=1 0 0
16 70 12344
cfl=(1)
cfn=(2)
calls=1 0 0
16 480 12344
cfl=(1)
cfn=(2)
calls=1 0 0
16 90 12344
cfl=(1)
cfn=(2)
calls=1 0 0
16 90 12344
cfl=(1)
cfn=(2)
calls=1 0 0
16 80 12344
cfl=(1)
cfn=(2)
calls=1 0 0
16 70 12344
cfl=(1)
cfn=(2)
calls=1 0 0
16 80 12344
cfl=(1)
cfn=(2)
calls=1 0 0
16 70 12344
cfl=(1)
cfn=(2)
calls=1 0 0
16 70 12344
cfl=(1)
cfn=(2)
calls=1 0 0
16 70 12344
cfl=(1)
cfn=(2)
calls=1 0 0
16 80 12344
cfl=(1)
cfn=(2)
calls=1 0 0
16 80 12344
cfl=(1)
cfn=(2)
calls=1 0 0
16 120 20536
cfl=(1)
cfn=(2)
calls=1 0 0
16 140 20536
cfl=(1)
cfn=(2)
calls=1 0 0
16 100 20536
cfl=(1)
cfn=(2)
calls=1 0 0
16 80 20536
cfl=(1)
cfn=(2)
calls=1 0 0
16 100 20536
cfl=(1)
cfn=(2)
calls=1 0 0
16 70 20536
cfl=(1)
cfn=(2)
calls=1 0 0
16 80 20536
cfl=(1)
cfn=(2)
calls=1 0 0
16 80 20536
cfl=(1)
cfn=(2)
calls=1 0 0
16 80 20536
cfl=(1)
cfn=(2)
calls=1 0 0
16 80 20536
cfl=(1)
cfn=(2)
calls=1 0 0
16 90 20536
cfl=(1)
cfn=(2)
calls=1 0 0
16 70 20536
cfl=(1)
cfn=(2)
calls=1 0 0
16 80 20536
cfl=(1)
cfn=(2)
calls=1 0 0
16 70 20536
cfl=(1)
cfn=(2)
calls=1 0 0
16 80 20536
cfl=(1)
cfn=(2)
calls=1 0 0
16 90 20536
cfl=(1)
cfn=(2)
calls=1 0 0
16 80 20536
cfl=(1)
cfn=(2)
calls=1 0 0
16 80 20536
cfl=(1)
cfn=(2)
calls=1 0 0
16 80 20536
cfl=(1)
cfn=(2)
calls=1 0 0
16 80 20536
cfl=(1)
cfn=(2)
calls=1 0 0
16 80 20536
cfl=(1)
cfn=(2)
calls=1 0 0
16 80 20536
cfl=(1)
cfn=(2)
calls=1 0 0
16 80 20536
cfl=(1)
cfn=(2)
calls=1 0 0
16 120 20536
cfl=(1)
cfn=(2)
calls=1 0 0
16 80 20536
cfl=(1)
cfn=(2)
calls=1 0 0
16 80 20536
cfl=(1)
cfn=(2)
calls=1 0 0
16 80 20536
cfl=(1)
cfn=(2)
calls=1 0 0
16 90 20536
cfl=(1)
cfn=(2)
calls=1 0 0
16 80 20536
cfl=(1)
cfn=(2)
calls=1 0 0
16 80 20536
cfl=(1)
cfn=(2)
calls=1 0 0
16 80 20536
cfl=(1)
cfn=(2)
calls=1 0 0
16 110 20536
cfl=(1)
cfn=(2)
calls=1 0 0
16 90 20536
cfl=(1)
cfn=(2)
calls=1 0 0
16 80 20536
cfl=(1)
cfn=(2)
calls=1 0 0
16 90 20536
cfl=(1)
cfn=(2)
calls=1 0 0
16 80 20536
cfl=(1)
cfn=(2)
calls=1 0 0
16 90 20536
cfl=(1)
cfn=(2)
calls=1 0 0
16 80 20536
cfl=(1)
cfn=(2)
calls=1 0 0
16 80 20536
cfl=(1)
cfn=(2)
calls=1 0 0
16 80 20536
cfl=(1)
cfn=(2)
calls=1 0 0
16 130 20536
cfl=(1)
cfn=(2)
calls=1 0 0
16 130 20536
cfl=(1)
cfn=(2)
calls=1 0 0
16 80 20536
cfl=(1)
cfn=(2)
calls=1 0 0
16 80 20536
cfl=(1)
cfn=(2)
calls=1 0 0
16 90 20536
cfl=(1)
cfn=(2)
calls=1 0 0
16 90 20536
cfl=(1)
cfn=(2)
calls=1 0 0
16 80 20536
cfl=(1)
cfn=(2)
calls=1 0 0
16 90 20536
cfl=(1)
cfn=(2)
calls=1 0 0
16 90 20536
cfl=(1)
cfn=(2)
calls=1 0 0
16 700 20536
cfl=(1)
cfn=(2)
calls=1 0 0
16 130 20536
cfl=(1)
cfn=(2)
calls=1 0 0
16 90 20536
cfl=(1)
cfn=(2)
calls=1 0 0
16 100 20536
cfl=(1)
cfn=(2)
calls=1 0 0
16 90 20536
cfl=(1)
cfn=(2)
calls=1 0 0
16 90 20536
cfl=(1)
cfn=(2)
calls=1 0 0
16 90 20536
cfl=(1)
cfn=(2)
calls=1 0 0
16 90 20536
cfl=(1)
cfn=(2)
calls=1 0 0
16 90 20536
cfl=(1)
cfn=(2)
calls=1 0 0
16 210 20536
cfl=(1)
cfn=(2)
calls=1 0 0
16 90 20536
cfl=(1)
cfn=(2)
calls=1 0 0
16 90 20536
cfl=(1)
cfn=(2)
calls=1 0 0
16 150 20536
cfl=(1)
cfn=(2)
calls=1 0 0
16 90 20536
cfl=(1)
cfn=(2)
calls=1 0 0
16 460 20536

fl=(2)
fn=(4) FlatArray->__construct
7 18820 0
cfl=(2)
cfn=(3)
calls=1 0 0
10 80210 33336

fl=(1)
fn=(5) php::ArrayIterator->__construct
22 2660 20480

fl=(2)
fn=(6) FlatArray->getIterator
20 1900 272
cfl=(1)
cfn=(5)
calls=1 0 0
22 2660 20480

fl=(3) /app/flat-array.php
fn=(7) {main}
1 321610 52472
cfl=(2)
cfn=(1)
calls=1 0 0
3 630 0
cfl=(2)
cfn=(4)
calls=1 0 0
5 99030 20584
cfl=(2)
cfn=(6)
calls=1 0 0
328 4560 20752

summary: 433380 672576

